image_width: 672
image_height: 376
camera_name: left_camera
camera_matrix:
  rows: 3
  cols: 3
  data: [349.22269201701477, 0.0, 348.19816681536344, 0.0, 351.5916393987627, 194.9563804624115, 0.0, 0.0, 1.0]
distortion_model: plumb_bob
distortion_coefficients:
  rows: 1
  cols: 5
  data: [-0.17928246484926286, 0.026346960228822675, 0.00043567949212758506, 0.002273355442376644, 0.0]
rectification_matrix:
  rows: 3
  cols: 3
  data: [0.9995616512417348, -0.0018494234067772896, 0.029548011776751256, 0.001618929847778656, 0.9999680919786, 0.007822665199670713, -0.0295615363782828, -0.007771399985886219, 0.9995327512939307]
projection_matrix:
  rows: 3
  cols: 4
  data:  [340.60227036241764, 0.0, 327.7537040710449, 0.0, 0.0, 340.60227036241764, 188.05604553222656, 0.0, 0.0, 0.0, 1.0, 0.0]
