image_width: 672
image_height: 376
camera_name: right_camera
camera_matrix:
  rows: 3
  cols: 3
  data: [348.0664371325167, 0.0, 331.1571956105414, 0.0, 350.06742144118044, 180.6288533886293, 0.0, 0.0, 1.0]
distortion_model: plumb_bob
distortion_coefficients:
  rows: 1
  cols: 5
  data: [-0.1803053084369144, 0.028512104789816577, -0.0002951209782317453, 0.0009597802210296244, 0.0]
rectification_matrix:
  rows: 3
  cols: 3
  data: [0.99973206411777, -0.00346275931076696, 0.022886879926688117, 0.0036411352786367007, 0.9999632869094769, -0.00775673688337031, -0.02285917996572951, 0.00783799280114922, 0.9997079692390891]
projection_matrix:
  rows: 3
  cols: 4
  data: [340.60227036241764, 0.0, 327.7537040710449, -40.51358644488743, 0.0, 340.60227036241764, 188.05604553222656, 0.0, 0.0, 0.0, 1.0, 0.0]
